8
34 -3 -23 32 2 -10 12 -12
-3 27 19 1 11 2 -8 12
-23 19 65 -26 -6 1 -6 -6
32 1 -26 71 -4 -15 12 0
2 11 -6 -4 27 11 -6 6
-10 2 1 -15 11 13 -8 0
12 -8 -6 12 -6 -8 20 -12
-12 12 -6 0 6 0 -12 36
-30
-6
-22
30
19
21
-21
-1